%YAML:1.0
---
CameraExtrinsicMat: !!opencv-matrix
   rows: 4
   cols: 4
   dt: d
   data: [ 3.1477361850971608e-02, -1.2176925376385467e-01,
       9.9205918398485504e-01, 6.5400323131525306e-01,
       -9.9907483109331707e-01, 2.5265775977781124e-02,
       3.4801184464039570e-02, -6.5162582438275982e-02,
       -2.9302859361545752e-02, -9.9223681115046014e-01,
       -1.2086129666358403e-01, -5.1468853247655733e-01, 0., 0., 0., 1. ]
CameraMat: !!opencv-matrix
   rows: 3
   cols: 3
   dt: d
   data: [ 2.0236670170295570e+03, 0., 6.9514044494554480e+02, 0.,
       2.0276807877190740e+03, 5.2722176992999982e+02, 0., 0., 1. ]
DistCoeff: !!opencv-matrix
   rows: 1
   cols: 5
   dt: d
   data: [ -4.7226005709397173e-01, 1.4940823795344806e+00,
       -1.2104954444784517e-03, 1.9199773677851999e-04,
       -4.6474498459803888e+00 ]
ImageSize: [ 1384, 1032 ]
ReprojectionError: 8.5288996454792931e-01
